18
47
144
147
124
45
81
56
16
59
97
83
75
150
33
165
30
159
84
141
104
25
164
90
92
88
2
8
51
24
153
63
27
123
127
58
108
52
38
15
149
66
72
21
46
89
135
55
34
37
78
65
134
148
76
138
103
162
114
109
42
77
102
163
7
105
69
39
91
111
131
130
6
137
96
82
64
3
95
136
85
9
116
17
99
12
117
62
50
110
26
115
71
57
156
120
98
1
70


000*
001
010
011
100
101
110
111

0000*
0001*
0010
0011
0100
0101
0110
0111
1000*
1001
1010
1011
1100
1101
1110
1111

00000*
00001*
00010*
00011*
00100
00101
00110
00111
01000*
01001
01010
01011
01100
01101
01110
01111
10000*
10001*
10010
10011
10100
10101
10110
10111
11000*
11001
11010
11011
11100
11101
11110
11111

000000*
000001*
000010*
000011*
000100*
000101*
000110*
000111*
001000*
001001
001010
001011
001100
001101
001110
001111
010000*
010001*
010010
010011
010100
010101
010110
010111
011000*
011001
011010
011011
011100
011101
011110
011111
100000*
100001*
100010*
100011*
100100
100101
100110
100111
101000*
101001
101010
101011
101100
101101
101110
101111
110000*
110001*
110010
110011
110100
110101
110110
110111
111000*
111001
111010
111011
111100
111101
111110
111111


1 => 2 ^ 1 - 0  =  2
2 => 2 ^ 2 - 0  =  4
3 => 2 ^ 3 - 1  =  7
4 => 2 ^ 4 - 3  = 13
5 => 2 ^ 5 - 8  = 24
6 => 2 ^ 6 - 20 = 44